           9
   8640000.0000000000     
  -0.0000000000000000        0.0000000000000000     
 -0.38709800000000000        0.0000000000000000     
 -0.72332649999999998        0.0000000000000000     
 -0.99999934999999995        0.0000000000000000     
  -1.5237000000000001        0.0000000000000000     
  -5.2026050000000001        0.0000000000000000     
  -9.5549999999999997        0.0000000000000000     
  -19.219999999999999        0.0000000000000000     
  -30.069999999999997        0.0000000000000000     
  -6.2893665023516774E-005  -9.3839386107909714E-006
 -0.21739688893279704      -0.31617270615037435     
  0.67350912052518530      -0.26399496027059216     
  0.13194759110372931      -0.99091914194515474     
 -0.94024292958980515       -1.1958499057735283     
  -5.1491421065139189      -0.74474449167359946     
  -9.5390484324041918      -0.55374205291651402     
  -19.216063604862850      -0.38877916781548633     
  -30.068392434020886      -0.31046716761146881     
  -2.3163026779474867E-004  -4.3936763909082910E-005
  0.17055286548165591      -0.33486096104889745     
 -0.54444607540852863       0.47642676367183867     
  0.95929905586489550       0.27946551073593540     
  0.37867065992438892       -1.4672737279127013     
  -4.9877171766371520       -1.4814136649152647     
  -9.4906054823463410       -1.1112089409713608     
  -19.204096705783421      -0.78132413460317285     
  -30.063504806486073      -0.62403674406623266     
  -5.0837561886787994E-004  -1.0322605329689941E-004
  0.37145284894667935        4.6927275269970491E-003
  0.35035221827886381      -0.63277681650751127     
 -0.42097099317601577       0.90703743370571310     
   1.3955171212999544      -0.57761436283090983     
  -4.7217225016625015       -2.1870083016261153     
  -9.4098440615478882       -1.6649188966453572     
  -19.184104141575752       -1.1735444302414937     
  -30.055337517139996      -0.93753862055328474     
  -8.8842976545771472E-004  -2.0783789254982400E-004
  0.16208783757833278       0.33909770221759494     
 -0.11647687821248072       0.71385094460529708     
 -0.83543339401308969      -0.55102717212537522     
   1.2979686803534023       0.77207318474524411     
  -4.3567555103889113       -2.8467366315171021     
  -9.2970533179040107       -2.2129976451237749     
  -19.156094626088528       -1.5652769627033487     
  -30.043891503254514       -1.2509387719425193     
  -1.3717024415788287E-003  -3.6837181887209458E-004
 -0.22545413964066696       0.31166103285224012     
 -0.13417735519049223      -0.71146698240542683     
  0.66780058828366817      -0.74282959585107622     
  0.16397765965996339        1.5067647714551233     
  -3.9004934311616442       -3.4467780085276831     
  -9.1526341414915375       -2.7535885768817261     
  -19.120080291219491       -1.9563587329355820     
  -30.029168069135711       -1.5642031692150533     
  -1.9390264836761895E-003  -6.1203800141607849E-004
 -0.38738380846615250       -3.5392419668661322E-002
  0.36413566593618113       0.62334933807167414     
  0.63133955872186476       0.77268625045326600     
  -1.1028946503340513        1.0501182838557066     
  -3.3625293685283872       -3.9745735102503801     
  -8.9770963154511101       -3.2848598501428410     
  -19.076076627172608       -2.3466268934599444     
  -30.011168878715097       -1.8772977811509677     
  -2.5752863559266852E-003  -9.2691829529026261E-004
 -0.16418442860264240      -0.34719229251101635     
 -0.55819734569532764      -0.46407380461655917     
 -0.86225907715936856       0.50976447221461019     
  -1.5088990374230538      -0.23025948787410469     
  -2.7541678492184141       -4.4190887013116376     
  -8.7710558515119299       -3.8050115922481358     
  -19.024102426272957       -2.7359188198881621     
  -29.989895948086623       -2.1901885777978629     
  -3.2872089995921901E-003  -1.3349067041887144E-003
  0.22232731102968281      -0.30017494360138619     
  0.67647122206402621       0.24623163561288935     
 -0.38024433344271652      -0.92737094349198812     
 -0.73936892546663635       -1.3314659208187316     
  -2.0881848690933702       -4.7710434813866680     
  -8.5352324323602868       -4.3122829150594599     
  -18.964179736564116       -3.1240721898834733     
  -29.965351638939193       -2.5028415352281752     
  -4.0458809767960095E-003  -1.8469450808894189E-003
  0.36140283253303462        6.9088032092474147E-002
 -0.72738657967640474       -4.5379259295301750E-003
  0.96769876447387582      -0.23561379380812020     
  0.60639911605661290       -1.3876755208649101     
  -1.3785575939542611       -5.0231042348293578     
  -8.2704467542615152       -4.8049586295373885     
  -18.896333826300037       -3.5109250659503020     
  -29.937538653336929       -2.8152226412714056     
  -4.8404763291255096E-003  -2.4660658866579271E-003
   9.7973887885560246E-002  0.36136042594098078     
  0.67675990820870602      -0.24490077046879108     
   8.0173899774395971E-002  0.99355258594254980     
   1.4662032017461728      -0.34568580638165541     
 -0.64016985881893718       -5.1700348179452327     
  -7.9776176272258112       -5.2813756163160868     
  -18.820593158091345       -3.8963159778221366     
  -29.906460029953365       -3.1272979016263851     
  -5.6485274328469774E-003  -3.1890991758562462E-003
 -0.27835475235835777       0.26911340269881323     
 -0.56472562706987695       0.45579726280693328     
  -1.0035408990068169       -6.7748158715554674E-002
   1.1515554736435456       0.96970443135186457     
  0.11150045469958600       -5.2088031524445855     
  -7.6577587311229323       -5.7399288779708728     
  -18.736989371200522       -4.2800840037649328     
  -29.872119141865539       -3.4390333461642615     
  -6.4740924279087370E-003  -4.0175662618444014E-003
 -0.38092582918975532      -0.10003652157344778     
  0.36427162440796146      -0.62523282326223706     
  0.20609287500564011      -0.98082232243250511     
  -8.5676070923180261E-002   1.5111145988669639     
  0.86070546363801426       -5.1386418977590544     
  -7.3119750062089972       -6.1790772665634224     
  -18.645557269011050       -4.6620688488171895     
  -29.834519695564737       -3.7503950350010951     
  -7.2849910975947910E-003  -4.9669437892369142E-003
 -0.10847394991864090      -0.37170950204538661     
 -0.14539621473331854       0.70508547748021100     
  0.92623744176014167       0.35198744087212169     
  -1.2624698772921437       0.85662573593304148     
   1.5917561165818217       -4.9610618635430566     
  -6.9414586673101502       -6.5973489064031083     
  -18.546334810392615       -5.0421109206821111     
  -29.793665731097537       -4.0613490642908525     
  -8.0663531399202421E-003  -6.0124093938809927E-003
  0.26570186702878379      -0.25978082342721392     
 -0.11825043902707977      -0.72095185274703288     
 -0.50121479620038445       0.86372252545786143     
  -1.4582080824762582      -0.47279200452130660     
   2.2893490621490322       -4.6798184539176031     
  -6.5474848587388212       -6.9933462868818737     
  -18.439363101981026       -5.4200514028566724     
  -29.749561622833941       -4.3718615716260603     
  -8.8134204581727452E-003  -7.1590134391752887E-003
  0.33890288826228854       0.12767960430600145     
  0.33735566534870998       0.62807523414390520     
 -0.79555868803773711      -0.62434616817817379     
 -0.52176929378217574       -1.4372411829166984     
   2.9388849163699096       -4.3008316115685679     
  -6.1314069758940546       -7.3657510396641639     
  -18.324686391846431       -5.7957323259365605     
  -29.702212080914052       -4.6818987410487605     
  -9.5102472401252143E-003  -8.3971308726083476E-003
   3.0335523009947220E-002  0.36930717147339148     
 -0.55008619902512246      -0.48899012715346635     
  0.71809640446420131      -0.69366768470701157     
  0.81627921583388896       -1.2765526878335314     
   3.5267715838176770       -3.8320614291899369     
  -5.6946516834360636       -7.7133283664989492     
  -18.202352062151860       -6.1689966369289841     
  -29.651622152895875       -4.9914268076803561     
  -1.0142339587095157E-002  -9.7287031726970789E-003
 -0.32397219077129669       0.21553329392987805     
  0.66146700891053933       0.25925446101611999     
  0.55786281931087212       0.81275633355124022     
   1.4969099323339841      -0.10946306342197644     
   4.0407064479070200       -3.2833416991903683     
  -5.2387136655661193       -8.0349311243342747     
  -18.072410621428695       -6.5396882669779774     
  -29.597797225619086       -5.3004120619586486     
  -1.0688446764474790E-002  -1.1125251533505522E-002
 -0.36405793474459563      -0.16586495226094497     
 -0.73356418211079866       -3.6767565225139708E-002
 -0.90917036657684258       0.42770562797835826     
  0.97419638520999918        1.1370259989993741     
   4.4699319308488867       -2.6661751758706931     
  -4.7651501282782025       -8.3295035326620717     
  -17.934915694868696       -6.9076521980792505     
  -29.540743027013335       -5.6088208536391582     
  -1.1163040766637858E-002  -1.2579905739962009E-002
  -4.8859009010940258E-002 -0.38941832102277746     
  0.67777258340721092      -0.23333511292467360     
 -0.31117775662212893      -0.96628553461648370     
 -0.33296842606586530        1.4713091105714053     
   4.8054590317052606       -1.9934943405003198     
  -4.2755751000165789       -8.5960845202718232     
  -17.789924013697291       -7.2727345283765299     
  -29.480465627874402       -5.9166195954311176     
  -1.1541662486475486E-002  -1.4090891531517387E-002
  0.30211839716123451      -0.21498067171283786     
 -0.58487919545650524       0.42693029905544472     
  0.97606733287800518      -0.16754941607993001     
  -1.3885684844987736       0.63641865149817189     
   5.0402546248737750       -1.2793927802682683     
  -3.7716535498294173       -8.8338106775295540     
  -17.637495402291382       -7.6347825367339617     
  -29.416971443423993       -6.2237747664593739     
  -1.1822416377141048E-002  -1.5632520011527547E-002
  0.30757406819916655       0.17890308340941444     
  0.37839341474265853      -0.62480269751813589     
  -8.4257423199315309E-003  0.98407939281712209     
  -1.3684069052547476      -0.70761576495186929     
   5.1693884338516733      -0.53883238207605777     
  -3.2550953666520197       -9.0419188290693846     
  -17.477692763487273       -7.9936447458955326     
  -29.350267234587879       -6.5302529154334970     
  -1.1999835983097007E-002  -1.7192454007459480E-002
  -3.6059538778271408E-002  0.36355367596762078     
 -0.17264373327833457       0.68810426912467060     
  -1.0012464238964891      -0.16294968873736826     
 -0.28837570375531763       -1.5100465588886549     
   5.1901368959433114       0.21266759959975856     
  -2.7276492123396361       -9.2197482021691712     
  -17.310582061921313       -8.3491709853548741     
  -29.280360109055209       -6.8360206637131755     
  -1.2084848168757769E-002  -1.8751414311597849E-002
 -0.35853012860224520       0.15346223381881038     
  -9.9582112497149308E-002 -0.73683490210621894     
  0.27965305465293888      -0.97487818710925978     
   1.0074858041945605       -1.1360031826267536     
   5.1020413607507669       0.95935348779383756     
  -2.1910962970078103       -9.3667422123554918     
  -17.136232305280881       -8.7012124526360264     
  -29.207257521916741       -7.1410447081025819     
  -1.2068850653712064E-002  -2.0313651311148304E-002
 -0.33473912489743934      -0.22968329681908559     
  0.31377036817422777       0.62559118493353827     
  0.88917335371427608       0.41177179497195154     
   1.4911726824800247       0.12585690398442606     
   4.9069196416594627        1.6855654701390066     
  -1.6472440883503774       -9.4824498470573335     
  -16.954715523585040       -9.0496217741402472     
  -29.130967276012520       -7.4452918235525454     
  -1.1946926310508888E-002  -2.1841914647327196E-002
   1.5140563774497141E-002 -0.39789255095200282     
 -0.53705016572754838      -0.51928035900974090     
 -0.57445380556413161       0.80476497503391786     
  0.77457792932870273        1.2712544890099933     
   4.6088301712132473        2.3760645966561724     
  -1.0979199977776655       -9.5665266616397471     
  -16.766106745905706       -9.3942530645787521     
  -29.051497521787184       -7.7487288656963598     
  -1.1742800255192908E-002  -2.3330314652628883E-002
  0.33222816432678581      -0.16512132845055205     
  0.65099312588918057       0.26682798912133920     
 -0.74540108075418643      -0.70268762517982630     
 -0.56807687609825996        1.3906669403545158     
   4.2139896747048384        3.0163517247500300     
 -0.54496505016910657       -9.6187353847891242     
  -16.570483975676503       -9.7349619858795862     
  -28.968856756882129       -8.0513227732704866     
  -1.1453994391521815E-002  -2.4768896772336089E-002
  0.27002920351724663       0.22346068349332149     
 -0.73313614126315019       -7.3265310596310682E-002
  0.76975911744953862      -0.64825413981181024     
  -1.4750964442446108       0.39788182627673219     
   3.7306454089504339        3.5929717034105972     
   9.7724160524258457E-003  -9.6389461480475589     
  -16.367928163182675       -10.071605804532378     
  -28.883053825174311       -8.3530405704217934     
  -1.1092559298199708E-002  -2.6149111793882365E-002
  -9.8188202209213024E-002  0.34692256263867199     
  0.68453625692102149      -0.22485915299180131     
  0.48778882926408534       0.84001507751960003     
  -1.2394047886918214      -0.92538131353282616     
   3.1689048000477804        4.0937965275435548     
  0.56444301491147053       -9.6271363402039469     
  -16.158523176556425       -10.404043448131709     
  -28.794097915501734       -8.6538493689185909     
  -1.0657678900722835E-002  -2.7452329164138638E-002
 -0.38040367641887307        8.7142144554543471E-002
 -0.59766655804934021       0.39521285439748843     
 -0.94201035079759088       0.33657965058462264     
  -4.3466221629580033E-002  -1.5441181212935498     
   2.5405255208904087        4.5082812839585920     
   1.1172025050206549       -9.5833900953494577     
  -15.942355770062241       -10.732135560701376     
  -28.701998559917040       -8.9537163703546483     
  -1.0183200513944789E-002  -2.8667927200602565E-002
 -0.29324306014323964      -0.28706369280448257     
  0.39916568609026087      -0.62515959565096335     
 -0.23133353117484670       -1.0036293211675518     
   1.1763395595240698      -0.96545752816496633     
   1.8586705236449996        4.8276875387766802     
   1.6662179062875448       -9.5078974311895070     
  -15.719515551117770       -11.055744556751005     
  -28.606765631598904       -9.2526088682360275     
  -9.6675500732974224E-003  -2.9808235401538444E-002
   8.1594438208292236E-002 -0.39400353298666146     
 -0.19254655835093634       0.67004100367130903     
  0.98716554001705525      -0.10196648432512220     
   1.4501613176766148       0.35853566901770495     
   1.1376327257379109        5.0452690370563742     
   2.2096735014647324       -9.4009530423058827     
  -15.490094944537942       -11.374734674119102     
  -28.508409342328353       -9.5504942501627568     
  -9.1217291594696045E-003  -3.0849874717114520E-002
  0.35457486758316503      -0.10914253619939841     
  -7.3808074840691559E-002 -0.75135230198276404     
  -8.7498100103398604E-002  0.96582616827445911     
  0.55858650471679017        1.3731798283828891     
  0.39253532855862283        5.1564158630715911     
   2.7457767222384692       -9.2629547672605526     
  -15.254189155303845       -11.688972025374751     
  -28.406940239629517       -9.8473399999938636     
  -8.5666411034794349E-003  -3.1796247743670659E-002
  0.22671065177943378       0.26258388079658201     
  0.29662372997623537       0.62407877416831214     
 -0.98266720309883537      -0.25777907341763723     
 -0.78492736449588174        1.2754573033163550     
 -0.36098615511254895        5.1587535336234414     
   3.2727638891184903       -9.0944017289194274     
  -15.011896129130983       -11.998324648285289     
  -28.302369203645643       -10.143113700206392     
  -8.0199258082716742E-003  -3.2642433910987256E-002
 -0.15556825359149334       0.32243233364161772     
 -0.51706290574108982      -0.54655081220924218     
  0.36080447693789752      -0.96166948686784892     
  -1.5206525706207124       0.15098610894406103     
  -1.1071132402594188        5.0521950397837125     
   3.7889058043253878       -8.8958921824921404     
  -14.763316511271368       -12.302662554339635     
  -28.194707443671138       -10.437783034351071     
  -7.4947691659759830E-003  -3.3406593464784036E-002
 -0.39064733958838233        2.0506232047723439E-002
  0.64571020463755424       0.27757950384993935     
  0.85541040934834889       0.47097182359492307     
  -1.0759434392210772       -1.1169312640542637     
  -1.8301782490132719        4.8389441608791133     
   4.2925131676794779       -8.6681210619146594     
  -14.508553603242806       -12.601857776526204     
  -28.083966494592399       -10.731315789884441     
  -6.9906665083724192E-003  -3.4075390318888531E-002
 -0.24247459815523240      -0.33445816537253875     
 -0.72679875470150257      -0.10543293409970933     
 -0.63514320073145936       0.74384595844907420     
  0.20439640017464039       -1.5352000870113574     
  -2.5149952877983286        4.5234502096004539     
   4.7819418175439043       -8.4118772598640543     
  -14.247713317576817       -12.895784415298452     
  -27.970158213171441       -11.023679861335983     
  -6.5438842676543534E-003  -3.4656798133162019E-002
  0.14633280111000033      -0.37609786645521209     
  0.69500089513965668      -0.21124732076811889     
 -0.68228605578040957      -0.77163540496151017     
   1.3154442077899551      -0.76646587187195747     
  -3.1471812809563904        4.1123147778189120     
   5.2555977739746895       -8.1280406320995429     
  -13.980904130970570       -13.184318683906184     
  -27.853294774509767       -11.314843254006227     
  -6.1531221885669082E-003  -3.5170047159037945E-002
  0.36605273964704532       -4.7572829802349711E-002
 -0.60628647950317094       0.36867340953697558     
  0.82338954415542964      -0.59267171608336799     
   1.3715371052858620       0.58512764246881133     
  -3.7134600970593707        3.6141527530187512     
   5.7119420843351367       -7.8175787680488993     
  -13.708237034864480       -13.467338951995192     
  -27.733388668627935       -11.604774088292428     
  -5.8312211178591098E-003  -3.5617657372661114E-002
  0.17646009290939699       0.29613254856320714     
  0.42219881376700208      -0.61879870026909567     
  0.42060381318351547       0.86845961143369177     
  0.32807346855607561        1.4427112331709298     
  -4.2019430965461977        3.0394102008807806     
   6.1494954505221058       -7.4815435140294406     
  -13.429825484474284       -13.744725789179181     
  -27.610452697678667       -11.893440604764278     
  -5.5808767581253093E-003  -3.6009828283471552E-002
 -0.20939458604757716       0.29139432513191271     
 -0.21062257576196319       0.65770572377925329     
 -0.96354730948860678       0.25072348164302444     
 -0.98174761591033866        1.1307877687622232     
  -4.6023801374232649        2.4001434287044550     
   6.5668426385658805       -7.1210672859142701     
  -13.145785345175252       -14.016362007913841     
  -27.484499973850916       -12.180811170060151     
  -5.4256875257788495E-003  -3.6351241604041074E-002
 -0.39172400177187999       -4.4613470550454289E-002
  -4.7269795632875478E-002 -0.75853067567969668     
 -0.14624506914263888       -1.0261405052726085     
  -1.5279450632221809       -9.6470428616298384E-002
  -4.9063754751426769        1.7097637127749996     
   6.9626366598848293       -6.7373591650925322     
  -12.856234837334977       -14.282132707099162     
  -27.355543918418405       -12.466854283498016     
  -5.3643354053709265E-003  -3.6678000057002794E-002
 -0.18649540495210543      -0.37071358509014468     
  0.27889930202574531       0.62855105783611431     
  0.99398397146761774       -2.7159185063634003E-002
 -0.88609896247956454       -1.2766824666608712     
  -5.1075641604745874       0.98275357798374718     
   7.3356027164685420       -6.3317008132431001     
  -12.561294478295983       -14.541925317019997     
  -27.223598262122682       -12.751538584392138     
  -5.3893148369193594E-003  -3.6984553813828654E-002
  0.20461588528882596      -0.34529645606468085     
 -0.49788431677775036      -0.56675492977056385     
 -0.16500169722821822       0.94995681579516378     
  0.44488859207218778       -1.4835497789913119     
  -5.2017448992153374       0.23436052787638889     
   7.6845419058824040       -5.9054421970417437     
  -12.261087023309216       -14.795629647419730     
  -27.088677047174027       -13.034832859564466     
  -5.5171398937182668E-003  -3.7290143605566879E-002
  0.36377182351127529        1.6500619847658018E-002
  0.63752275616705611       0.29422742466056689     
 -0.95790545913853675      -0.34213310861993029     
   1.4171609178782241      -0.54510545856400594     
  -5.1869669438197681      -0.51972491444669622     
   8.0083346766303460       -5.4599971549738013     
  -11.955737404981061       -15.043137940315228     
  -26.950794630830391       -13.316706050686498     
  -5.7415886884726050E-003  -3.7609874582223514E-002
  0.11845070957569101       0.32180125481743999     
 -0.72288011111247941      -0.13181109024653384     
  0.43769246229404235      -0.93344194115276991     
   1.2535393510597972       0.79796570557887636     
  -5.0635690519695720       -1.2637000536353875     
   8.3059440385778220       -4.9968388041672283     
  -11.645372673460923       -15.284344929055738     
  -26.809965690195295       -13.597127260648492     
  -6.0632553966527680E-003  -3.7965923167716943E-002
 -0.26051598519961416       0.25295184464030634     
  0.70076423296717427      -0.19223716001957430     
  0.81268903023468353       0.53522648193361355     
   8.5240493753335173E-002   1.4758352262405019     
  -4.8341701453860813       -1.9819825151126500     
   8.5764185102847499       -4.5174948157813191     
  -11.330121938929427       -15.519147906150112     
  -26.666205227769321       -13.876065758483309     
  -6.4615062430327073E-003  -3.8362466509786357E-002
 -0.38549361544489136      -0.10865841266778124     
 -0.61908604135440592       0.34623273509682695     
 -0.69610632465885125       0.68567089727420594     
  -1.1573732781603410       0.95776095244341120     
  -4.5036117226427104       -2.6595374118969692     
   8.8188948129418883       -4.0235425554478610     
  -11.010116320132072       -15.747446799257940     
  -26.519528576638578       -14.153490982162500     
  -6.9527581294865732E-003  -3.8806612514614564E-002
 -0.12837993853003682      -0.39704479453828012     
  0.43933075822496609      -0.60817656078047699     
 -0.62023094947935364      -0.82849569200839634     
  -1.5002682218210055      -0.34096687867921371     
  -4.0788538171658217       -3.2821922221895163     
   9.0326002941151060       -3.5166041142000903     
  -10.685488901944424       -15.969144254593948     
  -26.369951404433735       -14.429372539270480     
  -7.5177382694398415E-003  -3.9330212515308834E-002
  0.25329278441178527      -0.30504204899441756     
 -0.23444639082713367       0.64750995547958656     
  0.86480828564270695      -0.52717837104461884     
 -0.67768538318904192       -1.4035521157892366     
  -3.5688265880479006       -3.8369328296046290     
   9.2168550950130435       -2.9983412355941379     
  -10.356374704401519       -16.184145721661380     
  -26.217489714946655       -14.703680205796267     
  -8.1419077595264872E-003  -3.9930083325045725E-002
  0.34699552734522049        7.8311745398134264E-002
  -2.7098782163430406E-002 -0.76309124072132484     
  0.34297702272435743       0.89597725981380016     
  0.66951745102478832       -1.3938943735679583     
  -2.9842412254876738       -4.3121746594581971     
   9.3710740364844138       -2.4704501558038716     
  -10.022910663703977       -16.392359532873879     
  -26.062159847147548       -14.976383923770516     
  -8.8146730877789424E-003  -4.0618698409668537E-002
   5.3932894130427046E-002  0.33613840773688791     
  0.25413844716523232       0.63327923788266249     
 -0.98700782301743917       0.16693620248590857     
   1.4772771574449923      -0.31086506466672270     
  -2.3373639477246151       -4.6980032504696991     
   9.4947682442534234       -1.9346563655394524     
  -9.6852356206220893       -16.593696967113235     
  -25.903978471359103       -15.247453798635881     
  -9.5293097990332525E-003  -4.1394673723315338E-002
 -0.30772065485218958       0.20525580982118197     
 -0.48500500331070012      -0.58653664316865228     
  -6.8957760790814698E-002  -1.0393493537846104     
   1.0984408761603093       0.98744472271418160     
  -1.6417582614567099       -4.9863795775806219     
   9.5875464884643637       -1.3927093074731807     
  -9.3434903089913348       -16.788072291131847     
  -25.742962583315716       -15.516860097206928     
  -1.0272641615998926E-002  -4.2282832701251605E-002
 -0.37172071241145416      -0.17282027306362427     
  0.62193052920855985       0.30944210937869354     
  0.98500646802809022        4.8825126621564477E-002
 -0.16362618632292270        1.4674610515912634     
 -0.91200068726581895       -5.1713059090126627     
   9.6491162599264637      -0.84637702600772713     
  -8.9978173337370357       -16.975402775965829     
  -25.579129496855899       -15.784573246951282     
  -1.1012537750415451E-002  -4.3270231744257238E-002
  -6.9017836918705180E-002 -0.41536570428899328     
 -0.72482200719678935      -0.16012333344821886     
 -0.25068257035073510       0.92730733359157635     
  -1.3068048996605102       0.75636578058589954     
 -0.16337617164678769       -5.2489491534876951     
   9.6792845520834661      -0.29744077621167986     
  -8.6483611321111091       -17.155608693891711     
  -25.412496836256562       -16.050563836714350     
  -1.1755554814597630E-002  -4.4356488170093328E-002
  0.29188646080281416      -0.25926773296456918     
  0.69960488377405006      -0.17613611183101746     
 -0.93603109730087397      -0.42602832818337827     
  -1.4374511920556901      -0.58094565488962091     
  0.58844077470258116       -5.2177190558628519     
   9.6779583765934767       0.25231038965180336     
  -8.2952679141779093       -17.328613304618244     
  -25.243082528944846       -16.314802619052116     
  -1.2477814046184541E-002  -4.5550231506189066E-002
  0.31783979964692310       0.13344476787435736     
 -0.63696012103689692       0.31946073819998161     
  0.50272244463596094      -0.90213536038537723     
 -0.45489340490051144       -1.4986418656408917     
   1.3277124562047060       -5.0783001017590852     
   9.6451449850886348       0.80108504958029503     
  -7.9386855865708741       -17.494342841548978     
  -25.070904799141697       -16.577260513778867     
  -1.3167067232496365E-002  -4.6846867681893153E-002
  -1.3438031654097090E-002  0.33665367775425742     
  0.45101670916555447      -0.60170710431513752     
  0.75608024948108987       0.59129071411099110     
  0.87393110990159939       -1.2725827764202819     
   2.0389654157461976       -4.8336363093744890     
   9.5809518176834860        1.3470948301761869     
  -7.5787636649673233       -17.652726506116430     
  -24.895982162819852       -16.837908612565414     
  -1.3796772260536612E-002  -4.8239311273209538E-002
 -0.34771128024035042       0.14756458991815488     
 -0.26234427117245274       0.63109154254650568     
 -0.76026198496016861       0.61701480038852730     
   1.4963892408745170       -7.3465876055505627E-002
   2.7073121613928377       -4.4888696400123074     
   9.4855861546459046        1.8885598128432093     
  -7.2156531833165118       -17.803696473133328     
  -24.718333423836736       -17.096718184033808     
  -1.4370784347022412E-002  -4.9707968174056608E-002
 -0.34826166406144010      -0.23704840785460687     
  -1.0366729537793449E-002 -0.77310767476417508     
 -0.56109934822434049      -0.88685806263473310     
  0.91304734838323853        1.1456499271994607     
   3.3187607463155353       -4.0512329625082701     
   9.3593544904905208        2.4237139012378184     
  -6.8495066042427197       -17.947187907775792     
  -24.537977671328278       -17.353660679253622     
  -1.4873358927227336E-002  -5.1267038586219740E-002
  -7.5602832283547918E-003 -0.42626519079873049     
  0.22665378631602440       0.63061010315516497     
  0.89439910561591807      -0.46614513948497088     
 -0.40882728708793015        1.4153779957203081     
   3.8605059442597955       -3.5299000502095366     
   9.2026616131764918        2.9508101460133198     
  -6.4804777343099875       -18.083138991233270     
  -24.354934277998730       -17.608707737276617     
  -1.5281760761654264E-002  -5.2889304648099981E-002
  0.32184487242746962      -0.21036238626645432     
 -0.47321049040179591      -0.61284824246199721     
  0.25820407560786340       0.90861812469527115     
  -1.4224006525820596       0.52992643542494111     
   4.3211961485051154       -2.9357953457688546     
   9.0160093947618041        3.4681259955591877     
  -6.1087216449955850       -18.211490953319121     
  -24.169222899290865       -17.861831190600945     
  -1.5598162026998921E-002  -5.4564881618405441E-002
  0.28015411760924996       0.17969576095669929     
  0.60514884042741912       0.31698638809903573     
  -1.0074604419910460        7.2424580488419835E-002
  -1.3368157896769082      -0.81165182724217655     
   4.6911705900064238       -2.2813675842337187     
   8.7999952827219055        3.9739684768394503     
  -5.7343945988915159       -18.332188107637585     
  -23.980863472967783       -18.113003070433340     
  -1.5813811362534572E-002  -5.6277386163407175E-002
  -7.8934677700536776E-002  0.32335750547765552     
 -0.72553641237796107      -0.19580384838402518     
   6.4910948868483580E-003  -1.0557243277178161     
 -0.21884138693538766       -1.5605748943427948     
   4.9626618969221061       -1.5803314275570872     
   8.5553104940889018        4.4666792741269097     
  -5.3576539802437226       -18.445177888845187     
  -23.789876219156316       -18.362195611697004     
  -1.5928892640334785E-002  -5.8025131831798839E-002
 -0.37663354221814777        8.1684652233761368E-002
  0.69925109334248514      -0.16722907775975671     
  0.96857566094354697       0.11419590719789491     
   1.0572489969138672       -1.1235045682984679     
   5.1299599242570961      -0.84738257642146342     
   8.2827379020403882        4.9446397149572290     
  -4.9786582282826890       -18.550410889218536     
  -23.596281640532279       -18.609381257791323     
  -1.5919813350720624E-002  -5.9784549145296635E-002
 -0.31287074081801475      -0.29887092042484026     
 -0.65166561597355777       0.28524685741408506     
 -0.33399617890993255       0.88805152693493161     
   1.4783011795647421       0.16053383458908971     
   5.1895331828728812       -9.7891774923651725E-002
   7.9831496034600651        5.4062756467450876     
  -4.5975667730561094       -18.647840894772717     
  -23.400100522598088       -18.854532664945587     
  -1.5807335109108346E-002  -6.1530255311816148E-002
   5.6761916467711178E-002 -0.42820518578879951     
  0.46569254667640242      -0.60142670115151220     
 -0.90576481740920611      -0.51737630297330772     
  0.70639166925307550        1.2689695921025053     
   5.1401054245826145       0.65241586110527050     
   7.6575041682695817        5.8500622468929349     
  -4.2145399717992689       -18.737424919011289     
  -23.201353933886519       -19.097622706355892     
  -1.5586178573726541E-002  -6.3264636791187046E-002
  0.34462826584159212      -0.15847541459686004     
 -0.28556030735817267       0.60785316577860771     
  0.56796152055511784      -0.87482666340369808     
 -0.64023848185632504        1.3222363256113832     
   4.9826852506316452        1.3877898578325394     
   7.3068435676828960        6.2745287962587506     
  -3.8297390462371101       -18.819123235239932     
  -23.000063226058270       -19.338624475910621     
  -1.5257040003689352E-002  -6.4963437402419888E-002
  0.23738257410785094       0.21754523610446500     
   1.1661119655975544E-002 -0.78784315742291011     
  0.69927657905873941       0.63395369430116655     
  -1.4976799039110653       0.28618060380034860     
   4.7205480996607943        2.0927847801490365     
   6.9322898261323571        6.6782635240881847     
  -3.4433260194632873       -18.892899406622462     
  -22.796250033853735       -19.577511291675588     
  -1.4821993179724857E-002  -6.6615138991042586E-002
 -0.13892358750605513       0.29880296371393922     
  0.20487988864061144       0.62262740738818578     
 -0.81308455670464119       0.53553076728953297     
  -1.1977029069547285       -1.0244314854716174     
   4.3591703850802404        2.7525852219368865     
   6.5350414779781909        7.0599186254121955     
  -3.0554636531056367       -18.958720313880999     
  -22.589936274719712       -19.814256698949478     
  -1.4297221060948058E-002  -6.8193703894809263E-002
 -0.39213824864255425        1.1623355183908939E-002
 -0.45427431229256698      -0.64234626157664365     
 -0.49077633957760797      -0.94717839364953582     
   2.7298237508387044E-002  -1.5843612518876806     
   3.9061170542833690        3.3533183402148707     
   6.1163700384108441        7.4182155604610935     
  -2.6663153834291506       -19.016556180839288     
  -22.381144148263427       -20.048834473113974     
  -1.3695944516444800E-002  -6.9709149089478312E-002
 -0.26519115002466276      -0.35393700763210645     
  0.59496882572127463       0.32134657703203351     
  0.92645074287944074      -0.40888057120465959     
   1.2174472978833053      -0.94676991133044430     
   3.3708841683440891        3.8823472260961123     
   5.6776167280377923        7.7519505424688795     
  -2.2760452573416066       -19.066380597469980     
  -22.169896135324493       -20.281218622089739     
  -1.3009204839026537E-002  -7.1137529898814431E-002
  0.12275092731018565      -0.41835169952063023     
 -0.71795267372856131      -0.23303357349103901     
  0.18095568730324357       0.90951784922021051     
   1.4259233988491942       0.38882158829244268     
   2.7646998394522888        4.3285386857432675     
   5.2201896492963815        8.0599998605075847     
  -1.8848178675750638       -19.108170541115811     
  -21.956214996815856       -20.511383388515434     
  -1.2267075288983161E-002  -7.2465392164635101E-002
  0.35997138400791562      -0.10257993468275589     
  0.70603334732814460      -0.15893452643407155     
  -1.0112158385408616       -2.6872040186064296E-002
  0.48584047772172867        1.3580713978903305     
   2.1002873385749341        4.6824995084616017     
   4.7455612496856379        8.3413244017882455     
  -1.4927982874854662       -19.141906394504701     
  -21.740123772107857       -20.739303251622545     
  -1.1478217778269215E-002  -7.3690786205535944E-002
  0.19090282992957303       0.24878819631815544     
 -0.65782061069682218       0.25099183358611005     
   9.2387590946751710E-002  -1.0679317788588700     
 -0.85077083307807211        1.1945022019809408     
   1.3915959378689333        4.9367760023436800     
   4.2552655301521183        8.5949728920025468     
  -1.1001520050728737       -19.167571962250964     
  -21.521645777192397       -20.964952928836329     
  -1.0663009368729550E-002  -7.4811611526223676E-002
 -0.19228578217912543       0.26653866649736485     
  0.48777915971644281      -0.59914504300107652     
  0.95645610664535430       0.17732855169123629     
  -1.5304345941811250        3.5354419052927626E-002
  0.65350536910193957        5.0860120717264765     
   3.7508943140955187        8.8200839122144821     
 -0.70704485662664907       -19.185154484266789     
  -21.300804602404714       -21.188307377126382     
  -9.8201024494357237E-003  -7.5824398035636564E-002
 -0.39461764206970934       -5.8146666573185936E-002
 -0.30091199372523980       0.58638637399554705     
 -0.40431868215353878       0.84288971108417732     
  -1.0240867477829196       -1.2097845138229499     
  -9.8489106561941472E-002   5.1270622894143854     
   3.2340923376139901        9.0158873224006228     
 -0.31364296006195808       -19.194644647411849     
  -21.077624109829618       -21.409341794061383     
  -8.9818549834448438E-003  -7.6712616130862540E-002
 -0.20765992088877114      -0.39805250873570014     
   4.0814085031234147E-002 -0.79839327872439825     
 -0.85879684719736971      -0.60362924782664185     
  0.27581264394508376       -1.5652760132737500     
 -0.84860427203669775        5.0590573165615798     
   2.7065514318752943        9.1817057649854501     
   7.9887352416698781E-002  -19.196036593889424     
  -20.852128430323702       -21.628031618767729     
  -8.1633248514635642E-003  -7.7500743353106430E-002
  0.18672320520282781      -0.39459689887354499     
  0.18959552716383871       0.61833223861021502     
  0.63974135299761647      -0.83857550657086943     
   1.3482886701609460      -0.74301588510695504     
  -1.5811018176039515        4.8834206453994033     
   2.1700043298756984        9.3169565503388441     
  0.47337960165496612       -19.189327928001813     
  -20.624341960208348       -21.844352532629213     
  -7.3675811597775902E-003  -7.8180100716357920E-002
  0.36557290338970749       -4.2402588405302991E-002
 -0.42895613398334925      -0.66600156321394510     
  0.64763154934400990       0.67687488453057743     
   1.3382052495133634       0.60944233552902716     
  -2.2806195966850420        4.6038363574943260     
   1.6262184508728315        9.4211538509814297     
  0.86666722939443908       -19.174519719932288     
  -20.394289357612443       -22.058280459981162     
  -6.6149362526468913E-003  -7.8757492172051399E-002
  0.13993052905410888       0.27442716747576906     
  0.58928850979354941       0.33141171759494470     
 -0.85140592672944360       0.45621191930704907     
  0.25445296722069377        1.4144636605969794     
  -2.9324941001299525        4.2261692884707340     
   1.0769898150567627        9.4939109693370369     
   1.2595836658298931       -19.151616507216922     
  -20.161995538420062       -22.269791568698146     
  -5.9199506004337663E-003  -7.9232178312192716E-002
 -0.24013210223564660       0.22890947989796750     
 -0.70541079101914261      -0.26344937187326334     
 -0.40905625046212851      -0.99414724387565412     
  -1.0379297063136144        1.0388192950329680     
  -3.5230675203638304        3.7583393443187334     
  0.52413705250052522        9.5349424767744200     
   1.6519623978579066       -19.120626293676114     
  -19.927485671993828       -22.478862270977046     
  -5.3045989389380703E-003  -7.9629237124537997E-002
 -0.38658252425963213      -0.12470592609057306     
  0.71534627034118037      -0.14329496958827176     
  0.95940632974827966      -0.34079812665905196     
  -1.5231680557697536      -0.21349997740633200     
  -4.0399729914169376        3.2101532301277742     
  -3.0504546279985514E-002   9.5440660699927449     
   2.0436370367072247       -19.081560545952577     
  -19.690785176511540       -22.685469224216220     
  -4.7569358081381670E-003  -7.9954330498752071E-002
 -0.14465257446799762      -0.42913718848064669     
 -0.66107615548770349       0.22409878021988314     
  0.10843859906478623       0.91329204263008201     
 -0.82402823477111709       -1.3610652448335996     
  -4.4723921861807980        2.5930970224366083     
 -0.58508901501825095        9.5212040821416402     
   2.4344413859968470       -19.034434187675419     
  -19.451919714147635       -22.889589332325780     
  -4.3048672726120358E-003  -8.0207994190289345E-002
  0.24374538247579841      -0.35741291193148500     
  0.51047163121091343      -0.58848406493057925     
  -1.0036316693640732      -0.11640709541790817     
  0.51627513418918880       -1.5025521532010711     
  -4.8112800570617749        1.9200943486870072     
  -1.1377657571063151        9.4663845989709099     
   2.8242095092766011       -18.979265590686566     
  -19.210915185999358       -23.091199747555944     
  -3.9518208855247846E-003  -8.0418574247531641E-002
  0.35849527610924159        2.0028487368181816E-002
 -0.31587608524286992       0.57225574040171634     
  0.18077252677317573       -1.0628674096712920     
   1.4419484526187238      -0.51719082583635745     
  -5.0495522460210571        1.2052350285317746     
  -1.6866856712595795        9.3797421882155358     
   3.2127757979150431       -18.916076564494691     
  -18.967797727094915       -23.290277873072160     
  -3.7024880063210776E-003  -8.0595608373343536E-002
   8.3085037051582572E-002  0.29334906080078094     
   6.9003853105065294E-002 -0.80030758356605025     
  0.93955404951113086       0.24972617872396094     
   1.2129388185000616       0.81632729137759297     
  -5.1822315146118996       0.46348015782625884     
  -2.2300073435567040        9.2615182081753069     
   3.5999750384064941       -18.844892342617612     
  -18.722593701426291       -23.486801366475397     
  -3.5512397161375372E-003  -8.0757598387381530E-002
 -0.28406023799178148       0.18593743199091345     
  0.17204679030478040       0.62102738707920091     
 -0.47181488456779763       0.80265464151647781     
   1.3488390430741121E-002   1.4360921596150176     
  -5.2065501975748258      -0.28965056536460881     
  -2.7659032983193979        9.1120607193224679     
   3.9856424798762222       -18.765741567034461     
  -18.475329697435111       -23.680748144423902     
  -3.5082033849089338E-003  -8.0902253251047648E-002
 -0.37074571928972733      -0.18764800037956930     
 -0.40623134700286817      -0.68179675918163385     
 -0.80746346523417190      -0.67547894534074515     
  -1.2016349426274493       0.85822300603833235     
  -5.1220068671644725       -1.0384025775459789     
  -3.2925662817775478        8.9318239730524507     
   4.3696139016299069       -18.678656269514722     
  -18.226032524151389       -23.872096388549515     
  -3.5803211174150486E-003  -8.1067479731310788E-002
  -8.0372497246496227E-002 -0.44781457337228248     
  0.57905635850303017       0.34774427441667888     
  0.70428442833356231      -0.78669069202847763     
  -1.4803957748336891      -0.45535415822512793     
  -4.9303759609378082       -1.7671148810765125     
  -3.8082155550292969        8.7213675066198704     
   4.7517256809062589       -18.583671851440972     
  -17.974729208373567       -24.060824552425938     
  -3.7444702686109496E-003  -8.1259381732487312E-002
  0.28982962679965490      -0.31002833766432492     
 -0.69702349076076986      -0.28757112296173876     
  0.58728956820996236       0.72481712708902835     
 -0.60654334868015258       -1.4763054576111843     
  -4.6356704696286650       -2.4605462773552045     
  -4.3111031654349894        8.4813548123944287     
   5.1318148613480705       -18.480827060561928     
  -17.721446993176823       -24.246911369545778     
  -4.0078857350878475E-003  -8.1487854473085083E-002
  0.33724871791197797        8.0471248536660420E-002
  0.71830327123769877      -0.12234249617891874     
 -0.88972082549037412       0.38269050476146216     
  0.73910356817153111       -1.4003205681435587     
  -4.2440582103476832       -3.1041929309671059     
  -4.7995201714668960        8.2125516106325165     
   5.5097192224503342       -18.370163966281027     
  -17.466213337952929       -24.430335861570292     
  -4.3596076332530660E-003  -8.1766703609171001E-002
   2.0432267312136917E-002  0.30259688843260890     
 -0.67001145037993071       0.20122242038774288     
 -0.33141714621592133       -1.0265369660267658     
   1.4931115293544157      -0.27831822081180241     
  -3.7637336278487510       -3.6845906453188824     
  -5.2718027945041035        7.9158237082591292     
   5.8852773513460308       -18.251727933025773     
  -17.209055920046158       -24.611077346271550     
  -4.7996843715139431E-003  -8.2114126092483045E-002
 -0.32410752764924550       0.13597792865538422     
  0.52583625677991996      -0.57386505816917854     
  0.97802132952579113      -0.26358349431489253     
   1.0511512488869350        1.0002839862253603     
  -3.2047474384296568       -4.1895958179628821     
  -5.7263384612631985        7.5921344679701264     
   6.2583287168887045       -18.125567593161911     
  -16.950002637479006       -24.789115444046853     
  -5.2971418528460724E-003  -8.2542305351719372E-002
 -0.34818183849835299      -0.24815243350983807     
 -0.33777432918644062       0.55989067838836293     
   2.6377161195261119E-002  0.91664136581262889     
 -0.23252323715456449        1.4182367887939444     
  -2.5787978589093901       -4.6086392257325812     
  -6.1615717162871011        7.2425418717817349     
   6.6287137482732525       -17.991734820031233     
  -16.689081612284017       -24.964430082407301     
  -5.8549939555970244E-003  -8.3040975983086102E-002
  -1.7093505621910230E-002 -0.45636386804115192     
   8.9584466889765235E-002 -0.80010367379051084     
 -0.99887748594066705      -0.20072609118363666     
  -1.3391864227736319       0.65277995308505210     
  -1.8989872785740110       -4.9329473945826514     
  -6.5760099676619665        6.8681952054496644     
   6.9962739183164064       -17.850284703323084     
  -16.426321193354667       -25.137001497749534     
  -6.4632800658917470E-003  -8.3637840549361533E-002
  0.32357791762297194      -0.25696012690314274     
  0.14679061112672898       0.62334503785407147     
  0.25798679789505763       -1.0476716386431695     
  -1.4043303275655312      -0.68873233816758983     
  -1.1795495991917189       -5.1557269514256978     
  -6.9682290521513099        6.4703313624679391     
   7.3608518330856612       -17.701275529561606     
  -16.161749958049636       -25.306810234465896     
  -7.0987135188877006E-003  -8.4330350229406340E-002
  0.30309214804188883       0.13423512426006048     
 -0.39059831818437318      -0.69766458005171539     
  0.90606214294914844       0.32195253983014205     
 -0.37793592285206984       -1.5569844674444835     
 -0.43555348695864149       -5.2723080013975565     
  -7.3368785723677856        6.0502707884390210     
   7.7222913264442559       -17.544768769858926     
  -15.895396711637435       -25.473837141895306     
  -7.7471317137862922E-003  -8.5124472915766344E-002
  -4.5492843630381564E-002  0.29917651763709674     
  0.56095187151243919       0.36200714172529930     
 -0.54657406780946349       0.75707935715746921     
  0.93842974925115086       -1.2655823614929265     
  0.31741213018959386       -5.2802435189727115     
  -7.6806869997030862        5.6094130683340371     
   8.0804375586349995       -17.380829078621193     
  -15.627290484500516       -25.638063370006996     
  -8.3945007353340012E-003  -8.6007607238457379E-002
 -0.35796258820308646        7.7573527569614623E-002
 -0.69480748582485607      -0.31416998986001671     
 -0.76106725625189342      -0.74428960768900343     
   1.5011982744948171       -3.6770076253457989E-002
   1.0635641003529810       -5.1793624150601572     
  -7.9984665005499034        5.1492321818602491     
   8.4351371135990636       -17.209524303439469     
  -15.357460527123621       -25.799470364901751     
  -9.0394964693074776E-003  -8.6994676270959415E-002
 -0.31775175967725983      -0.30695160833667523     
  0.71421597820799287      -0.10491696186837406     
  0.75413450590588438      -0.73240771826155748     
  0.85856663869616645        1.1526729737395969     
   1.7872556089310061       -4.9717751033241067     
  -8.2891174812884767        4.6712714425932038     
   8.7862380890958569       -17.030925505578590     
  -15.085936303484216       -25.958039864912386     
  -9.6442023563740667E-003  -8.8079660314419647E-002
   4.5134530687640048E-002 -0.45664041747583750     
 -0.68390393572533492       0.17370710312538451     
  0.51359253338329358       0.76357825068620333     
 -0.47496491575986244        1.3577706716288085     
   2.4733046121306637       -4.6618311260683303     
  -8.5516328033180233        4.1771381373082059     
   9.1335901722051904       -16.845106983287206     
  -14.812747483534967       -26.113753898153021     
  -1.0210336798379151E-002  -8.9243809080119418E-002
  0.34615162694521812      -0.20190270033556440     
  0.53576595813715067      -0.56391109029578224     
 -0.93088049230684389       0.30098614865273121     
  -1.4441752865576760       0.42445592111562636     
   3.1073129950013052       -4.2560297785415324     
  -8.7851016732193905        3.6684978894412410     
   9.4770446957921148       -16.652146289839393     
  -14.537923935501691       -26.266594781544242     
  -1.0723981094811057E-002  -9.0489858772986112E-002
  0.25960386605599678       0.17824715656996717     
 -0.36334554216059328       0.54107664332724248     
 -0.25950801719407285       -1.0588300832847817     
  -1.2935026573661443      -0.91084937354473405     
   3.6759698439501611       -3.7628851620089230     
  -8.9887131656323689        3.1470687659266701     
   9.8164546758592461       -16.452124234093020     
  -14.261495718567376       -26.416545121514542     
  -1.1177806028768125E-002  -9.1807568138208728E-002
 -0.11034593501100209       0.28206384893245418     
  0.10705055676954452      -0.80548401880486775     
  0.98317629739097823      -0.19233099348217153     
 -0.14041867673910921       -1.6039124315537594     
   4.1673322179037751       -3.1927486544514458     
  -9.1617593834935445        2.6146151611518196     
   10.151674835214557       -16.245124857114547     
  -13.983493076196069       -26.563587815969104     
  -1.1548832630708227E-002  -9.3192970483529591E-002
 -0.38196703133940141        1.1356391589147578E-002
  0.11927404257024510       0.61828451233772574     
  -6.1583161298770638E-002  0.90528159466030755     
   1.1126321308543952       -1.1043441559560576     
   4.5710774597730115       -2.5575921527548591     
  -9.3036382104822124        2.0729414699357949     
   10.482561623526982       -16.031235382737208     
  -13.703946430424040       -26.707706057454001     
  -1.1835912599984228E-002  -9.4612638857607984E-002
 -0.27736360755973866      -0.36273068012746285     
 -0.37568664807216351      -0.71981959959818531     
 -0.99191083911009104      -0.29296781382720194     
   1.4697884250363138       0.19920325512437101     
   4.8787215427840120       -1.8707568981041822     
  -9.4138556714609951        1.5238855893236791     
   10.808973242200418       -15.810546148482718     
  -13.422886376952995       -26.848883336972175     
  -1.2043987512014503E-002  -9.6074021049457017E-002
  0.10716131765990758      -0.44856520901905023     
  0.54221851322072390       0.36881988924675679     
  0.33031211441172514       -1.0352315293325836     
  0.64413542764700815        1.2685244770924489     
   5.0837987065989925       -1.1466728906873880     
  -9.4920278649223988       0.96931226639027868     
   11.130769680727553       -15.583150525587437     
  -13.140343681119434       -26.987103448313515     
  -1.2151301752358795E-002  -9.7557627320015508E-002
  0.35969163714623842      -0.14626652165323462     
 -0.69098537412547723      -0.34738074446273332     
  0.86473142792585411       0.38208969901113460     
 -0.70368712864228333        1.2560331858332539     
   5.1819984435363597      -0.40055513617252148     
  -9.5378824758363212       0.41110633500864574     
   11.447812765004794       -15.349144837295761     
  -12.856349274448432       -27.122350492628879     
  -1.2164245725168561E-002  -9.9045969532985403E-002
  0.21079507507693543       0.21212398465351073     
  0.71126079796426145       -9.4035897086080497E-002
 -0.61794062266236882       0.69642143854243987     
  -1.5099122803720133       0.17959582582252542     
   5.1712568139689612       0.35191708899871582     
  -9.5512598407162042      -0.14883414626141334     
   11.759966217182891       -15.108628282572960     
  -12.570934251843720       -27.254608883041861     
  -1.2080187502587214E-002 -0.10052010055647238     
 -0.16995797606345342       0.25290684487726273     
 -0.69434712068155879       0.13970662437765485     
 -0.70843123122144058      -0.81802802066035729     
  -1.1467481976978153       -1.1147400204949032     
   5.0518001888920194        1.0949307766245933     
  -9.5321135797107566      -0.70860480766143785     
   12.067095722211022       -14.861702867795184     
  -12.284129869080285       -27.383863349197895     
  -1.1915454208910386E-002 -0.10197418702764405     
 -0.39310234389071841       -5.9451419826539474E-002
  0.54880391827112229      -0.55911259534055324     
  0.80148655534609303      -0.68283176545970681     
  0.10389834169286406       -1.6140291737833972     
   4.8261403122157098        1.8128726929471957     
  -9.4805107792070427       -1.2663019178745782     
   12.369068998796386       -14.608473347509699     
  -11.995967540608790       -27.510098941574540     
  -1.1652001793604981E-002 -0.10340022985300630     
 -0.22607912199490982      -0.41196062329160210     
 -0.38412286600227824       0.51669655795849001     
  0.44025860062306044       0.78818840041333760     
   1.2610611065909363      -0.91863751284935646     
   4.4990209591828698        2.4906584466420894     
  -9.3966317287212728       -1.8200293205925675     
   12.665755871145231       -14.349047171826706     
  -11.706478837507820       -27.633301035661759     
  -1.1307343222260702E-002 -0.10476465034705618     
  0.16868045483680577      -0.43032025103548383     
  0.12945307582851476      -0.81432097733694597     
 -0.96075354667644053       0.20901429285316087     
   1.4032528469399557       0.42567897516839603     
   4.0773172020139450        3.1140502714198255     
  -9.2807692092481808       -2.3679053491096855     
   12.957028340668140       -14.083534440004511     
  -11.415695485531648       -27.753455335703428     
  -1.0894508268958053E-002 -0.10607175995732314     
  0.36527514629732860       -8.9524051631375709E-002
   9.7305411656713331E-002  0.60921528136605940     
 -0.17967435326093983       -1.0914755387003294     
  0.41652033676951172        1.3475210072946142     
   3.5698897138147929        3.6699565421712483     
  -9.1333273428621951       -2.9080696667155759     
   13.242760655723725       -13.812047856756100     
  -11.123649363162293       -27.870547878223334     
  -1.0418659212360147E-002 -0.10730607129616727     
  0.15911129112128697       0.23752508341550957     
 -0.35423091220654840      -0.74370200047716306     
  0.98884175906071459      -0.12622524330194235     
 -0.91054587279640598        1.1187933306644939     
   2.9873970906971272        4.1467068108416560     
  -8.9548200084197820       -3.4386900210241698     
   13.522829379423550       -13.534702690848942     
  -10.830372499591135       -27.984565035106282     
  -9.8878914030918249E-003 -0.10846471572415788     
 -0.22223981805387491       0.21506220242275770     
  0.52934840840456898       0.37382872889616375     
 -0.14135566279948494       0.88259019448557530     
  -1.5331453711926710       -7.2136167892793465E-002
   2.3420705394984425        4.5342963877263607     
  -8.7458688237137654       -3.9579688632375709     
   13.797113455465821       -13.251616733647277     
  -10.535897072698228       -28.095493516419864     
  -9.3145626811110497E-003 -0.10952313055770511     
 -0.39075029761559665      -0.13036136436898610     
 -0.67988405110303762      -0.38070636387751838     
 -0.96995918087662736      -0.38720318329442255     
 -0.96687356277060232       -1.2913609254945404     
   1.6474555391326737        4.8245954648193532     
  -8.5072007161401295       -4.4641498248172216     
   14.065494271575808       -12.962910257916347     
  -10.240255406832386       -28.203320372743676     
  -8.7294524370307575E-003 -0.11049227573713875     
 -0.16552850379460810      -0.45041998928001220     
  0.71419462135758827       -8.2570079787539871E-002
  0.40919237403763731       -1.0184911089881541     
  0.34883527978474094       -1.5829771568773541     
  0.91812638456786322        5.0115184189876718     
  -8.2396450844612446       -4.9555240032375165     
   14.327855721086697       -12.668705975140703     
  -9.9434799705354422       -28.308032997211861     
  -8.1237619023672176E-003 -0.11137052703025191     
  0.22708715028034321      -0.39996506417910765     
 -0.69764682678319989       0.10711581168680191     
  0.82659616705358552       0.43838258087845344     
   1.3794708139436906      -0.70906824544928315     
  0.16937943246019932        5.0911498221036560     
  -7.9441305795335593       -5.4304360461532966     
   14.584084262067821       -12.369128991666607     
  -9.6456033740452423       -28.409619127167193     
  -7.5223846417403102E-003 -0.11214463638060540     
  0.36187009942548520       -3.1014932096484999E-002
  0.56740543536905508      -0.55130351053051874     
 -0.67631743779738140       0.63118377702893191     
   1.3026650159803299       0.64107005250936333     
 -0.58308812942699872        5.0618247064287525     
  -7.6216814989850992       -5.8872899916749253     
   14.834068975230142       -12.064306763264481     
  -9.3466583667357774       -28.508066845434048     
  -6.9384173690922443E-003 -0.11282012664037078     
  0.10464293255241797       0.25613459309227476     
 -0.39891975317764000       0.49508803439295662     
 -0.64243515053796707      -0.88473959712271255     
  0.18068181599205482        1.3917050974601177     
  -1.3235074650000560        4.9241615049228766     
  -7.2734138409148033       -6.3245548599431114     
   15.077701619089098       -11.754369047960868     
  -9.0466778342835248       -28.603364581264962     
  -6.3956111301453501E-003 -0.11340044196467161     
 -0.26756206266045107       0.17153687807615400     
  0.15679719392871391      -0.81817086847377962     
  0.85172826763400233      -0.62577246028751154     
  -1.0917481137685858       0.95332447803984588     
  -2.0363680673565092        4.6810472505183700     
  -6.9005310135636559       -6.7407699539576740     
   15.314876683852443       -11.439447857138020     
  -8.7456947957393307       -28.695501110929662     
  -5.8926399970366848E-003 -0.11390164584363940     
 -0.37686969524907393      -0.19770663795507837     
   7.9566732055064121E-002  0.60443698975106441     
  0.37165998982287657       0.81168117726913303     
  -1.5154619724716427      -0.32114583423867121     
  -2.7067419056948974        4.3375754145074756     
  -6.5043192441575748       -7.1345498631358346     
   15.545491442828409       -11.119677404537338     
  -8.4437424003857018       -28.784465558074078     
  -5.4466920873783914E-003 -0.11430790391456316     
  -9.9764388301993703E-002 -0.47541444407505712     
 -0.32896862809678779      -0.76128339194287520     
 -0.97735031855964860       0.12089105883972549     
 -0.76117716046430295       -1.4334893207545703     
  -3.3205947863324705        3.9009379599031315     
  -6.0861426857635443       -7.5045891379957395     
   15.769446002526534       -10.795194054073434     
  -8.1408539244245706       -28.870247393668969     
  -5.0825843588605977E-003 -0.11464635882092944     
  0.27808331584979418      -0.35744627128356304     
  0.51857543117923066       0.38448779983895925     
  -9.2808511029887006E-002  -1.1105162721977597     
  0.58470095539450651       -1.5093099891097677     
  -3.8650787847606494        3.3802738073560019     
  -5.6474382739264106       -7.8496666313346948     
   15.986643350024888       -10.466136265268776     
  -7.8370627674519833       -28.952836435854088     
  -4.7961948423714436E-003 -0.11492534222200029     
  0.34712422130637566        2.8228461424344674E-002
 -0.66646202443910141      -0.40721169667908425     
  0.99266370718878860       -5.2056442070983595E-002
   1.4608833297320931      -0.47958860592657870     
  -4.3287995994235962        2.7864772017102872     
  -5.1897103360289334       -8.1686494791139133     
   16.196989398779422       -10.132644537522006     
  -7.5324024487236656       -29.032222849477641     
  -4.5998657354852038E-003 -0.11515688245957033     
   4.6118187969916319E-002  0.26785994954355485     
  0.71703618103925504       -6.4255575774703144E-002
 -0.21656452502168191       0.86187600470737080     
   1.1665023294076042       0.84088321510391950     
  -4.7020535442085825        2.1319697605037478     
  -4.7145249985013296       -8.4604967109965710     
   16.400393032173287       -9.7948613522097379     
  -7.2269066032344815       -29.108397145591496     
  -4.4959243521694517E-003 -0.11534436219373680     
 -0.30750408564223464       0.12329084088192090     
 -0.70062841451913682        8.1183091066235696E-002
 -0.93922759870618777      -0.47058595403303521     
  -6.1711313456593288E-002   1.4008815772433783     
  -4.9770292819852990        1.4304411950673617     
  -4.2235044004103646       -8.7242624810602294     
   16.596766144912024       -9.4529311139131522     
  -6.9206089774581523       -29.181350180778974     
  -4.5082195609226572E-003 -0.11550972566145806     
 -0.35440704609751095      -0.26009678317321827     
  0.58403898478488758      -0.53622124289979789     
  0.48615483072086879      -0.98636339167631215     
  -1.2469966739981684       0.76440370348446895     
  -5.1479703136396386       0.69656378078566938     
  -3.7183207641822240       -8.9590989055157468     
   16.786023682147100       -9.1070000894071974     
  -6.6135434248860721       -29.251073156650154     
  -4.6179358045320331E-003 -0.11567749126563624     
  -3.3473515998653648E-002 -0.48699244524878998     
 -0.41564375142637094       0.47953014190114845     
  0.78235067862407059       0.50044813130499688     
  -1.4614779480689870      -0.56115772927916230     
  -5.2112949074169270       -5.4313309055493877E-002
  -3.2006903317020514       -9.1642585026385053     
   16.968083676274428       -8.7572163457449133     
  -6.3057439011772782       -29.317557619460271     
  -4.8332871053622765E-003 -0.11584328675023467     
  0.31757328444631683      -0.30551374758414129     
  0.18062213999793097      -0.81508492318763071     
 -0.73215271711927288       0.57034387283741461     
 -0.53885417398645064       -1.5383318527766776     
  -5.1656710545039806      -0.80648384920315119     
  -2.6723672109194667       -9.3390962196304361     
   17.142867281828522       -8.4037296867136444     
  -5.9972444590500125       -29.380795460110317     
  -5.1573496776554746E-003 -0.11603431718884601     
  0.31930528394578839        8.4867321833555415E-002
   5.7525212864928753E-002  0.60464145566916172     
 -0.57546080858962967      -0.93731733716442922     
  0.80166385339524893       -1.3964684092922806     
  -5.0120449185272324       -1.5442117831630300     
  -2.1351371468758131       -9.4830710557872244     
   17.310298807317263       -8.0466915882250660     
  -5.6880792427458085       -29.440778914771865     
  -5.5862826416797264E-003 -0.11626225514459315     
  -1.7013671579880447E-002  0.27048236253133429     
 -0.30833260921206557      -0.77321185119506330     
  0.89149485104840487      -0.55685724274876480     
   1.4996649724557221      -0.23851219043937061     
  -4.7536220701601213       -2.2520594606006403     
  -1.5908112615774306       -9.5957472629634637     
   17.470305745346042       -7.6862551322529562     
  -5.3782824823195119       -29.497500566338985     
  -6.1076180877945203E-003 -0.11655147028978138     
 -0.34281470024024352        6.9223008183047635E-002
  0.50150378110321348       0.39890622951553245     
  0.29450040784471526       0.83679593753624359     
  0.99527732529643853        1.0168425970224209     
  -4.3958019485780948       -2.9152099324894554     
  -1.0412197750820400       -9.6767951339751157     
   17.622818799743538       -7.3225749396919264     
  -5.0678884877212376       -29.550953347029136     
  -6.7102866843400362E-003 -0.11689422222268525     
 -0.32532258474641085      -0.31825110943055995     
 -0.65876480928726666      -0.43003760147943321     
 -0.99459230514556851        3.8182278399959281E-002
 -0.30720709897035714        1.3713338747360564     
  -3.9460666276510272       -3.5197769303085149     
 -0.48820573973453435       -9.7259913604116530     
   17.767771910905864       -6.9558071023315078     
  -4.7569316429880963       -29.601130542202199     
  -7.4050185960132424E-003 -0.11731599517302996     
   3.0163860364050870E-002 -0.48744892245313237     
  0.71226497270093914       -4.3641744713802971E-002
  -1.3452383974884869E-002  -1.1169934553030350     
  -1.3750735951905899       0.55297766123379377     
  -3.4138261765186986       -4.0530959239065290     
   6.6381199561392115E-002  -9.7432189839399772     
   17.905102277797134       -6.5861091133210508     
  -4.4454464008334469       -29.648025795714066     
  -8.1610350296102887E-003 -0.11783199597358950     
  0.34367022362479088      -0.24876334140906506     
 -0.71017961965402676        5.6495574729087686E-002
  0.98083082841837499        2.6355924610426563E-002
  -1.3748885309954451      -0.78999217678760891     
  -2.8102234713171250       -4.5039904055733659     
  0.62069100542173616       -9.7284669190330764     
   18.034750378377996       -6.2136397969132640     
  -4.1334672780719197       -29.691633116383347     
  -8.9723122628891892E-003 -0.11844265567178620     
  0.27899692972870888       0.13439063431552381     
  0.59258577532103995      -0.52031956542262081     
 -0.30006299852263818       0.83802455185408498     
 -0.30738255748953397       -1.6071552210577127     
  -2.1479025110133017       -4.8630076116330700     
   1.1728794199274033       -9.6818290859676157     
   18.156659987067290       -5.8385592366925492     
  -3.8210288522873603       -29.731946885385423     
  -9.8212682493179805E-003 -0.11915510750950692     
  -8.3041487732801386E-002  0.26095452402761532     
 -0.43959760909707257       0.46265587501058403     
 -0.91240914736369094      -0.54951481305480376     
  0.99309111922509419       -1.2515047426950525     
  -1.4407446726955315       -5.1226188138468265     
   1.7211141358685145       -9.6035031629812266     
   18.270778190239170       -5.4610287030331985     
  -3.5081657599828735       -29.768961863608897     
  -1.0706972864718648E-002 -0.11997457799291171     
 -0.37196125852769812        7.7126450157590804E-003
  0.19678792868227366      -0.81300453064515166     
  0.54953816993429239      -0.94778078250161957     
   1.4945825166788851        3.6644127730760295E-003
 -0.70357851479877120       -5.2773796446516990     
   2.2635810161966621       -9.4937890608241471     
   18.377055399340623       -5.0812105784163135     
  -3.1949126963964671       -29.802673198197095     
  -1.1597909082973486E-002 -0.12091862085269270     
 -0.28945256951237391      -0.37327930354821626     
   2.8205319875773044E-002  0.60138263579998508     
  0.72246711308703615       0.55741726662160807     
  0.79400747132396066        1.1601365548197551     
   4.8131212468242070E-002  -5.3240468955552487     
   2.7984904206076640       -9.3530872254326436     
   18.475445362573481       -4.6992682816282363     
  -2.8813044165234216       -29.833076427024093     
  -1.2479069796324075E-002 -0.12196393413436001     
   9.0374746576488807E-002 -0.47950449861016159     
 -0.29428775575442656      -0.78815689396195276     
 -0.79340126730186666       0.50249612749113537     
 -0.54809724575676388        1.2996601531167757     
  0.79860859410531948       -5.2616489789968348     
   3.3240836499885420       -9.1818970031761804     
   18.565905175426494       -4.3153661893848749     
  -2.5673757368420511       -29.860167480474363     
  -1.3348709713654179E-002 -0.12312263092164785     
  0.35735344842356132      -0.19156415521568787     
  0.47767662282042500       0.40817507873841852     
 -0.51461030077688374      -0.98825987459613851     
  -1.4707524413422468       0.32028833478400720     
   1.5320990602436440       -5.0915081457183877     
   3.8386393831351673       -8.9808152732597772     
   18.648395290591299       -3.9296695557571693     
  -2.2531615367374425       -29.883942680173579     
  -1.4182552697413942E-002 -0.12439018286507132     
  0.22941757407167765       0.17322804773000383     
 -0.65595893434673458      -0.45802811239615648     
  0.91594065872020469      -0.49017583784642543     
  -1.2554875906783605       -1.0060356168178914     
   2.2332020625341311       -4.8172136654074480     
   4.3404797448318968       -8.7505354447592989     
   18.722879529607226       -3.5423444281510887     
  -1.9386967589521718       -29.904398734911524     
  -1.4966923047665278E-002 -0.12576588135170497     
 -0.14802258206120228       0.23753705227410110     
  0.70202386525940053       -2.9224101883442731E-002
  0.20681922881212317       0.84894443229365812     
  -7.0120930385583535E-002  -1.6420469644242164     
   2.8871970044591300       -4.4445462682710497     
   4.8279755303143235       -8.4918465062834247     
   18.789325096987646       -3.1535575604342352     
  -1.6240164082733952       -29.921532734634688     
  -1.5680005206860484E-002 -0.12722878001827653     
 -0.39151036764323566       -6.1330722162837727E-002
 -0.72284599724745380        2.4787845824110550E-002
  -1.0129246183483365       -5.3384501837312207E-002
   1.1567868038190083       -1.0816471467953435     
   3.4803549743870636       -3.9813555968759147     
   5.2995502917802000       -8.2056314737172400     
   18.847702600311688       -2.7634763227721990     
  -1.3091555483774111       -29.935342143484160     
  -1.6331154701172003E-002 -0.12877488547274879     
 -0.24501486250952831      -0.42473711659976027     
  0.59768324900442649      -0.51138292153908194     
   5.9292422096784397E-002  -1.1255864189179619     
   1.4491009259726804       0.23776544888871323     
   4.0002294398370477       -3.4373934148021945     
   5.7536835423514381       -7.8928645796022163     
   18.897986077541315       -2.3722686094025396     
 -0.99414929690477916       -29.945824793120618     
  -1.6889481996402153E-002 -0.13040515688979401     
  0.14805382958204188      -0.46434681803637995     
 -0.46483643516541789       0.43750737786634963     
  0.95699476592511667        9.4195747442518685E-002
  0.57162318133879542        1.2649759755709127     
   4.4359189823469842       -2.8241065783621901     
   6.1889137088824793       -7.5546071110311814     
   18.940153035442734       -1.9801027467785728     
 -0.67903281922618552       -29.952978876901891     
  -1.7349912137108688E-002 -0.13208922280898183     
  0.36128556170266457      -0.13621194618265123     
  0.21202616983649911      -0.81820793668296465     
 -0.38559356670618922       0.79744464867545262     
 -0.77422045318942934        1.1863194662800871     
   4.7782964000188652       -2.1543942086480770     
   6.6038414161126946       -7.1920023853011488     
   18.974184497797271       -1.5871474056891410     
 -0.36384132138625791       -29.956802945705171     
  -1.7708363038551875E-002 -0.13382029666579151     
  0.17496990298511661       0.20033968007087941     
  -8.2385447252840123E-004  0.58934816292568382     
 -0.88212790160083121      -0.63643582077826810     
  -1.5272773030519813        7.1628214282454430E-002
   5.0201992008660117       -1.4423346731905899     
   6.9971332271768327       -6.8062705221552093     
   19.000065062242435       -1.1935715223586549     
  -4.8610042729269269E-002  -29.957295905312282     
  -1.7965317990862446E-002 -0.13558044203581601     
 -0.20733446257723703       0.20115610645271717     
 -0.27845414612277108      -0.81043073233379903     
  0.60803163149949624      -0.91479794237893308     
  -1.1017501826612415       -1.2037721207904371     
   5.1565778736227141      -0.70288817459944553     
   7.3675256690058326       -6.3987034144876054     
   19.017782958072083      -0.79954423218331094     
  0.26662575133499167       -29.954457015481065     
  -1.8110030731307104E-002 -0.13736995516432468     
 -0.39796554729374933      -0.13530356367524737     
  0.45583165450816893       0.40920103100802430     
  0.65806212742521997       0.59876334576089463     
  0.17159340907362364       -1.6416785295304470     
   5.1845990757131180        4.8418333505005885E-002
   7.7138292497093053       -5.9706599730313004     
   19.027330095846178      -0.40523481876037004     
  0.58183077630022151       -29.948285890270444     
  -1.8134032568373690E-002 -0.13915146664587313     
 -0.19062228617480415      -0.46984551436364974     
 -0.64902986843351973      -0.49295967910244887     
 -0.84739675302821604       0.41953931767468960     
   1.2930457389698062      -0.89061814235042436     
   5.1037020545652947       0.79581737811585973     
   8.0349322973277832       -5.5235615573498986     
   19.028702097067587       -1.0812674324014636E-002
  0.89696973498208821       -29.938782499521714     
  -1.8059239824941422E-002 -0.14091922897990411     
  0.20385409131246046      -0.44104679895778054     
  0.69549322965790106       -2.1722897959457820E-002
 -0.44690674698706478       -1.0440789239847783     
   1.3687263576486393       0.45869937100038705     
   4.9156074246106245        1.5236311839723935     
   8.3298045013557722       -5.0588874554163263     
   19.021898297098524       0.38355273470348561     
   1.2120073234768849       -29.925947171073332     
  -1.7873534681151295E-002 -0.14266347378356820     
  0.35773201016124073       -8.2549875076780091E-002
 -0.72951839523476736       -1.3111229174873956E-002
  0.93905944472287861      -0.43114713879496092     
  0.33786510856352564        1.3304501196005030     
   4.6242784527110468        2.2165992851830847     
   8.5975001465885565       -4.5781703263501186     
   19.006921720998076       0.77769190732822013     
   1.5269082365260442       -29.909780593438292     
  -1.7586725630480970E-002 -0.14436524475273221     
  0.11904511963823385       0.21722620187758329     
  0.60824073714305460      -0.50725749874012860     
  0.12382474577425708       0.84525748264686340     
 -0.97642530464195643        1.0366513259765167     
   4.2358359529774878        2.8601965150322832     
   8.8371610139354377       -4.0829915332932174     
   18.983779038325597        1.1714353592377551     
   1.8416371725191465       -29.890283818803745     
  -1.7199672328963835E-002 -0.14600707153840059     
 -0.25784928447840960       0.15504912198665624     
 -0.48297729417451846       0.40743533014364119     
  -1.0171232436559641      -0.15378067126861325     
  -1.5403487617421969      -0.18372553865620206     
   3.7584286282773878        3.4409351861921000     
   9.0480189813865426       -3.5749763592850305     
   18.952480508339939        1.5646136901434695     
   2.1561588380049725       -29.867458266061906     
  -1.6740191076561373E-002 -0.14757535098552069     
 -0.38975265486077310      -0.20960740918705043     
  0.23426212710442706      -0.82605707468947431     
  0.14009356711440585       -1.1348558106348123     
 -0.91529211305456881       -1.3745302199547791     
   3.2020618177922873        3.9466451612985267     
   9.2293983130770041       -3.0557890887916037     
   18.913039925426567        1.9570576649766309     
   2.4704379519126816       -29.841305723858262     
  -1.6204310941529132E-002 -0.14907830265178165     
 -0.12714512206734546      -0.50444997400870861     
  -2.2230045830748123E-002  0.57428065248232130     
  0.93605958772212106       0.15435706916995309     
  0.41324574059305041       -1.6019631201086941     
   2.5783881297891504        4.3667264240318078     
   9.3807176590918555       -2.5271279792092387     
   18.865474573346649        2.3485983051381472     
   2.7844392494621086       -29.811828353343842     
  -1.5600923986124622E-002 -0.15048489366456438     
  0.25643219399300121      -0.40772033040383932     
 -0.25457484472487940      -0.83322443736002827     
 -0.45861549484641451       0.74585529575234111     
   1.3997537206401427      -0.67898808929444610     
   1.9004644260381203        4.6923689043128913     
   9.5014917566370318       -1.9907201171408233     
   18.809805189915700        2.7390669844430162     
   3.0981274858650791       -29.779028690833556     
  -1.4954992715411031E-002 -0.15179710129915228     
  0.34695885563395240       -2.9356598460791451E-002
  0.44145258875022253       0.40951653251882181     
 -0.83546988330974936      -0.72329971781193725     
   1.2567008837357780       0.66511523131162620     
   1.1824799448055567        4.9167353721547062     
   9.5913328490036491       -1.4483161938051370     
   18.746055943762517        3.1282955259494094     
   3.4114674398137659       -29.742909650014308     
  -1.4276803112674799E-002 -0.15300780571487838     
   6.2697402929282373E-002  0.22626129824466529     
 -0.63358609134764698      -0.52667751629902249     
  0.67327969855477576      -0.87843973225591443     
   9.9488813225537195E-002   1.3591976150398390     
  0.43946125753251314        5.0351035490447620     
   9.6499518152099615      -0.90168519911222855     
   18.674254419823978        3.5161162969778084     
   3.7244239167892337       -29.703474523884648     
  -1.3581302018749002E-002 -0.15412382508731862     
 -0.29906952418453830       0.10299392337926262     
  0.69586744913505860       -1.2356247933928735E-002
  0.60013585707083195       0.63482629606229857     
  -1.1496599327877057       0.85874758753417657     
 -0.31304020398999055        5.0449647473780788     
   9.6771590132016030      -0.35260906820700094     
   18.594431612278235        3.9023623005422738     
   4.0369617523000239       -29.660726986210193     
  -1.2871766070819758E-002 -0.15512920202189218     
 -0.36815786595726946      -0.27964619143982022     
 -0.72826225868468830       -4.8219568205284051E-002
 -0.88504549898064522       0.33398913044415302     
  -1.5105173783352657      -0.43533249724296880     
  -1.0592714834088706        4.9460768747810251     
   9.6728648389459995       0.19712272451500751     
   18.506621921076491        4.2868672634707234     
   4.3490458149308724       -29.614671092652912     
  -1.2187021479495765E-002 -0.15602815158739816     
  -5.8115859463177412E-002 -0.52517710241483118     
  0.62481323501254982      -0.49894495551666895     
 -0.36589721543524684       -1.0911346871682297     
 -0.70245901934144861       -1.5102015487716103     
  -1.7836060412620280        4.7404706946927213     
   9.6370800015259714       0.74571858804176783     
   18.410863151307076        4.6694657204758885     
   4.6606410093693107       -29.565311281383096     
  -1.1524901183340257E-002 -0.15683865140464179     
  0.30232533649090992      -0.36354224476034080     
 -0.49461759721163406       0.38153357165688345     
  0.96577007673933135      -0.36606148248531933     
  0.64611465149110459       -1.5204585344133341     
  -2.4708693915911941        4.4324090860425835     
   9.5699155178393038        1.2913902573650764     
   18.307196512922118        5.0499930951325949     
   4.9717122792887540       -29.512652373246546     
  -1.0900262143825772E-002 -0.15755289288861393     
  0.32723422263937524        2.3606908068957499E-002
  0.26142819070570800      -0.82776240993387251     
   4.9158040129738401E-002  0.84035579271530314     
   1.4710302116349123      -0.44924044721877376     
  -3.1066560322012080        4.0283000010626591     
   9.4715824189606792        1.8323582261018689     
   18.195666619726698        5.4282857770127304     
   5.2822246102706352       -29.456699571525487     
  -1.0324868235688317E-002 -0.15818120994279947     
   4.9655495359490530E-003  0.22859891444768271     
  -3.9380626916328744E-002  0.56460009534905964     
  -1.0062905032985905      -0.24757209751646098     
   1.1124896871978227       0.85459490736278987     
  -3.6776308763566465        3.5365647484497065     
   9.3423911834271287        2.3668571726296386     
   18.076321486745773        5.8041811964398438     
   5.5921430325827890       -29.397458461180303     
  -9.8205827530792825E-003 -0.15872679653309604     
 -0.33240987034267327        4.7262006639870617E-002
 -0.22707863463291056      -0.84872026222443009     
  0.22711513421038335       -1.1298669329895175     
 -0.14103104182977291        1.3532286762147043     
  -4.1718091693116781        2.9674640559682817     
   9.1827508845059160        2.8931413500615366     
   17.949212524846455        6.1775178958906931     
   5.9014326240280779       -29.334935007699006     
  -9.3911183550142510E-003 -0.15921992093279852     
 -0.33639478465545525      -0.34271520489181773     
  0.42896790430829501       0.41628904239669950     
  0.91489006663804306       0.22104341042714040     
  -1.2932523427396849       0.65941410164280623     
  -4.5788087400016817        2.3328854113872919     
   8.9931680686214399        3.4094899396235214     
   17.814394532478179        6.5481355992325714     
   6.2100585127618597       -29.269135555425063     
  -9.0341376905642735E-003 -0.15965164782638386     
   1.1477983025920719E-002 -0.53119934971443672     
 -0.61622195886468090      -0.55273433067367739     
 -0.52378288210591495       0.69750173087499479     
  -1.4424642104993934      -0.67526345488803019     
  -4.8900694571760255        1.6460957981034130     
   8.7742453457261984        3.9142123450259811     
   17.671925682820142        6.9158752783334192     
   6.5179858801831800       -29.200066825611405     
  -8.7759486335523863E-003 -0.16004149927826697     
  0.33746742543206215      -0.31021995835309218     
  0.69580475414491560        4.1501388287035401E-003
 -0.77983117284504588      -0.79670976178448261     
 -0.47264736065202012       -1.6065654387336323     
  -5.0990349154153947       0.92146501011199422     
   8.5266797208585050        4.4056534263246343     
   17.521867507580559        7.2805792182741316     
   6.8251799638859474       -29.127735913933535     
  -8.6099948889233596E-003 -0.16040870843117061     
  0.29647560969191078        7.4314778309777063E-002
 -0.72701544371156279       -7.6200692593484748E-002
  0.73589979491925028      -0.82726953698568018     
  0.86008878121615340       -1.3992771061286269     
  -5.2012924921294212       0.17416500686772013     
   8.2512606419153016        4.8821986484044020     
   17.364284875669028        7.6420910807828841     
   7.1316060607656633       -29.052150287786251     
  -8.5413281042402700E-003 -0.16076862116473797     
  -5.5354599261174163E-002  0.22317259593469380     
  0.63904446447195684      -0.48324650491581439     
  0.53865072808959313       0.67568271489062981     
   1.5008667698057765      -0.20832244627743698     
  -5.1946684646365986      -0.58014825360561306     
   7.9488677907673830        5.3422791406741110     
   17.199245968182264        8.0002559667345405     
   7.4372295303674187       -28.973317783216469     
  -8.5583954917839745E-003 -0.16112904352376425     
 -0.35935258346228721       -1.2156292123826297E-002
 -0.50845829208467286       0.36168977814251391     
 -0.91778240161181390       0.25509308474146275     
  0.93587260624521929        1.0205501207614709     
  -5.0792761186920554       -1.3256640179639805     
   7.6204685957742910        5.7843766502878529     
   17.026822248492255        8.3549204781158597     
   7.7420157984522193       -28.891246601741795     
  -8.6803670459026528E-003 -0.16149907050124299     
 -0.29752502634079764      -0.39861998937080950     
  0.28477242764927269      -0.82274939573268990     
 -0.28482903022068279       -1.1223884536012714     
 -0.38160233638515939        1.3106863439100522     
  -4.8575154684233146       -2.0467497603078750     
   7.2671154960289668        6.2070283812482021     
   16.847088429399573        8.7059327795323540     
   8.0459303610284483       -28.805945306986629     
  -8.8915597654982345E-003 -0.16191349093143650     
   7.7392255433146429E-002 -0.52442044408780120     
  -6.0797475269894125E-002  0.55957587703567802     
  0.98219989930839591      -0.29060918076283493     
  -1.4075713017081739       0.44137498843604950     
  -4.5340245012941489       -2.7282811586939197     
   6.8899429354934112        6.6088317013495184     
   16.660122436355572        9.0531426596564568     
   8.3489387888127986       -28.717422821435562     
  -9.1805694659820494E-003 -0.16236692507075268     
  0.35924294203839452      -0.25179326702906141     
 -0.20443059211320819      -0.85891760315627630     
  -3.0929982648729849E-002  0.83711875109118472     
  -1.3414995481335701      -0.89996223155717769     
  -4.1155827566888430       -3.3559616348028745     
   6.4901641102779557        6.9884487046280883     
   16.466005368093551        9.3964015921795685     
   8.6510067323734248       -28.625688423453255     
  -9.5476770653947027E-003 -0.16287754534369170     
  0.25424865987926942       0.11888819623579372     
  0.41035987785460670       0.42618624380879733     
 -0.99489747525816030      -0.33330669613951669     
 -0.23479447462257036       -1.6640747056305374     
  -3.6109692182907152       -3.9166248272308466     
   6.0690674570650858        7.3446106231819339     
   16.264821454780382        9.7355627971632206     
   8.9520999278745901       -28.530751744736076     
  -9.9837075611805253E-003 -0.16345222455568562     
 -0.11770619132892826       0.20733721298223615     
 -0.60435779831800218      -0.57568373491746450     
  0.30551444427504371       -1.1119700767714842     
   1.0472797170873784       -1.2448775047262197     
  -3.0307775472580505       -4.3985131365685897     
   5.6280129053966537        7.6761220653462194     
   16.056658014237225        10.070481301359987     
   9.2521842036861468       -28.432622768617289     
  -1.0477826812760226E-002 -0.16411504792759160     
 -0.37963084786451579       -7.6547139442170703E-002
  0.68855841395623552        2.2265414605777339E-002
  0.87966253517762860       0.29039867115448509     
   1.4868323428542467        3.3761566293545514E-002
  -2.3871924824064119       -4.7915265030869740     
   5.1684278816493636        7.9818650759773559     
   15.841605406451544        10.401013998499643     
   9.5512254876492833       -28.331311829413380     
  -1.1001229629266718E-002 -0.16485791075769690     
 -0.25284331529704196      -0.44851110569231983     
 -0.73173212665079024      -0.10348621731030853     
 -0.59402824839069834       0.64740669909268000     
  0.73058516522012684        1.1545631234244820     
  -1.6937323303435463       -5.0874357835824453     
   4.6918030835404698        8.2608029933401035     
   15.619756986219956        10.727019708227015     
   9.8491898149592725       -28.226829613284302     
  -1.1278622655944422E-002 -0.16525866157521907     
   4.8253139377104667E-002  0.21719882242812258     
 -0.19553711885450739      -0.86476825619441366     
  -1.0073638712664166       -7.7282881396308969E-002
   6.5236420347157167E-002   1.3492974628078793     
  -1.3328183265869491       -5.1969599655140151     
   4.4475828203218724        8.3899192190566261     
   15.506314326913206        10.888281365036061     
   9.9977575372182717       -28.173402712537861     
